0.50616249964
0.773481483785
-0.269225790602
-1.60766971014
2.62305161831
-0.539365584865
-2.19825490823
-1.78692731815
-0.446012813727
0.012801374907
-0.0785238655837
0.00451021361165
1.66684809608
1.50723785388
2.12461158087
-0.301789378113
-0.183929140941
0.573272171555
3.35631880688
-0.261699762832
0.826652943581
-0.327765739847
-1.7761465129
-0.762562774368
-0.301621118609
2.58672906173
0.678827139719
-0.527047991343
-1.95295205986
-0.720381311213
0.673366179873
-0.93117979034
0.896377661383
0.687059805238
0.0689002842331
-0.270658249572
-0.718947405433
0.213688093893
-0.835167663593
2.44215584776
-0.684861418637
0.203008891326
0.515255861522
1.26766380087
-1.34160747056
-3.00353251733
0.555955959996
0.09893715121
0.150137868321
0.242720670626
-0.654325006743
